-----Data1
0.000222173
0.166666667
1.53844E-05
0.090909091
0.025862069
0.1
0.013274336
0.1
0.013452915
0.1
0.013636364
0.1
0.013824885
0.1
0.014018692
0.1
0.014218009
0.1
0.003078595
0.090909091
-----Data2
1
1
1
1
0.428571429
1
0.166666667
1
0.2
1
0.25
1
0.333333333
1
0.5
1
1
1
1
1
-----Data3
0.000222173
1
1.53844E-05
0.090909091
0.025862069
0.1
0.013274336
0.1
0.013452915
0.1
0.013636364
0.1
0.013824885
0.1
0.014018692
0.1
0.014218009
0.1
0.003078595
0.090909091
-----Data4
0.000222173
1
1.53844E-05
1
0.025862069
0.1
0.013274336
0.1
0.013452915
0.1
0.013636364
0.1
0.013824885
0.1
0.014018692
0.1
0.014218009
0.1
0.003078595
0.090909091
-----Data5
0.000222173
1
1.53844E-05
1
0.025862069
1
0.013274336
1
0.013452915
1
0.013636364
1
0.013824885
1
0.014018692
1
0.014218009
1
0.003078595
0.090909091
-----Data6
0.000222173
1
1.53844E-05
1
0.025862069
1
0.013274336
1
0.013452915
1
0.013636364
1
0.013824885
1
0.014018692
1
0.014218009
1
0.003078595
1
-----Data7
1
0.166666667
1
1
0.428571429
1
0.166666667
1
0.2
1
0.25
1
0.333333333
1
0.5
1
1
1
1
1
-----Data8
1
0.166666667
1
0.090909091
0.428571429
1
0.166666667
1
0.2
1
0.25
1
0.333333333
1
0.5
1
1
1
1
1
-----Data9
1
0.166666667
1
0.090909091
0.428571429
0.1
0.166666667
0.1
0.2
0.1
0.25
0.1
0.333333333
0.1
0.5
0.1
1
0.1
1
1
-----Data10
1
0.166666667
1
0.090909091
0.428571429
0.1
0.166666667
0.1
0.2
0.1
0.25
0.1
0.333333333
0.1
0.5
0.1
1
0.1
1
0.090909091
-----Data11
0.002785313
0.166666803
0.186702177
0.090909097
1.72167E-05
0.10000001
2.38534E-05
0.984686394
0.450716916
0.298009132
0.601665035
0.113621761
0.783035957
0.999999982
0.838673099
0.912166396
0.012054085
0.100000001
0.00078567
0.0909091
-----Data12
0.003181776
0.91595529
0.102038948
0.427552879
0.181394851
0.368651555
0.057811773
0.991734754
0.095535766
0.897710054
0.253706096
0.45945392
0.04387387
0.451749545
0.962664198
0.178777554
0.999788032
0.987344172
0.492528767
0.50930083