-----Data0
0.000222173
0.166666667
1.53844e-05
0.090909091
2.21238e-06
0.1
0.013276519
0.1
0.026550826
0.1
0.039825133
0.1
0.05309944
0.1
0.066373747
0.1
0.079648054
0.1
1.81653e-07
0.090909091
-----Data1
1.0
1.0
1.0
1.0
0.495576337
1.0
0.579646948
1.0
0.663717558
1.0
0.747788169
1.0
0.831858779
1.0
0.91592939
1.0
1.0
1.0
1.0
1.0
-----Data2
0.000222173
1.0
1.53844e-05
0.090909091
2.21238e-06
0.1
0.013276519
0.1
0.026550826
0.1
0.039825133
0.1
0.05309944
0.1
0.066373747
0.1
0.079648054
0.1
1.81653e-07
0.090909091
-----Data3
0.000222173
1.0
1.53844e-05
1.0
2.21238e-06
0.1
0.013276519
0.1
0.026550826
0.1
0.039825133
0.1
0.05309944
0.1
0.066373747
0.1
0.079648054
0.1
1.81653e-07
0.090909091
-----Data4
0.000222173
1.0
1.53844e-05
1.0
2.21238e-06
1.0
0.013276519
1.0
0.026550826
1.0
0.039825133
1.0
0.05309944
1.0
0.066373747
1.0
0.079648054
1.0
1.81653e-07
0.090909091
-----Data5
0.000222173
1.0
1.53844e-05
1.0
2.21238e-06
1.0
0.013276519
1.0
0.026550826
1.0
0.039825133
1.0
0.05309944
1.0
0.066373747
1.0
0.079648054
1.0
1.81653e-07
1.0
-----Data6
1.0
0.166666667
1.0
1.0
0.495576337
1.0
0.579646948
1.0
0.663717558
1.0
0.747788169
1.0
0.831858779
1.0
0.91592939
1.0
1.0
1.0
1.0
1.0
-----Data7
1.0
0.166666667
1.0
0.090909091
0.495576337
1.0
0.579646948
1.0
0.663717558
1.0
0.747788169
1.0
0.831858779
1.0
0.91592939
1.0
1.0
1.0
1.0
1.0
-----Data8
1.0
0.166666667
1.0
0.090909091
0.495576337
0.1
0.579646948
0.1
0.663717558
0.1
0.747788169
0.1
0.831858779
0.1
0.91592939
0.1
1.0
0.1
1.0
1.0
-----Data9
1.0
0.166666667
1.0
0.090909091
0.495576337
0.1
0.579646948
0.1
0.663717558
0.1
0.747788169
0.1
0.831858779
0.1
0.91592939
0.1
1.0
0.1
1.0
0.090909091
