[[0.1], [0.1], [0.1]]
[[0.1], [0.1], [0.9]]
[[0.1], [0.9], [0.1]]
[[0.1], [0.9], [0.9]]
[[0.9], [0.1], [0.1]]
[[0.9], [0.1], [0.9]]
[[0.9], [0.9], [0.1]]
[[0.9], [0.9], [0.9]]
[[0.5920936468162774], [0.5163751083782688], [0.8510252421945492]]
[[0.35063190563767166], [0.8856561470857028], [0.6632769336344113]]
[[0.21586626181597934], [0.81090609984867], [0.3964637086931131]]
[[0.35917884261010347], [0.5683671133654195], [0.864315400434641]]
[[0.7183750037758163], [0.08517552626483404], [0.9178559655667032]]
